>> plot([0.3361	0.6327	0.8049	0.8849	0.9142	0.9193	0.9134	0.9027	0.8898])
>> plot([0.3361	0.6327	0.8049	0.8849	0.9142	0.9193	0.9134	0.9027	0.8898 0.8759	0.8613	0.8463	0.8310	0.8155	0.7997	0.7839	0.7679	0.7519])
>> plot([0 0 0 0.3361	0.6327	0.8049	0.8849	0.9142	0.9193	0.9134	0.9027	0.8898 0.8759	0.8613	0.8463	0.8310	0.8155	0.7997	0.7839	0.7679	0.7519])
>> x = [3 4 5 6 7 8 9 10 11 12 13 14 15 16 17 18 19 20]

x =

     3     4     5     6     7     8     9    10    11    12    13    14    15    16    17    18    19    20

>> MTTF = [28803.70	51493.21	69234.25	82660.47	92371.84	98976.65	103036.86	105021.20	105352.28 104460.96	102599.60	100093.4	97186.48	93913.92	90474.92	86965.49	83413.79	79911.60]

MTTF =

   1.0e+05 *

  1 至 8 列

    0.2880    0.5149    0.6923    0.8266    0.9237    0.9898    1.0304    1.0502

  9 至 16 列

    1.0535    1.0446    1.0260    1.0009    0.9719    0.9391    0.9047    0.8697

  17 至 18 列

    0.8341    0.7991

>> MTTF = [28803.70	51493.21	69234.25	82660.47	92371.84	98976.65	103036.86	105021.20	105352.28 104460.96	102599.60	100093.4	97186.48	93913.92	90474.92	86965.49	83413.79	79911.60]

MTTF =

   1.0e+05 *

  1 至 8 列

    0.2880    0.5149    0.6923    0.8266    0.9237    0.9898    1.0304    1.0502

  9 至 16 列

    1.0535    1.0446    1.0260    1.0009    0.9719    0.9391    0.9047    0.8697

  17 至 18 列

    0.8341    0.7991

>> reliability = [0.3323	0.6269	0.8014	0.8800	0.9081	0.9111	0.9041	0.8919	0.8753 0.8603	0.8443	0.8251	0.8095	0.7915	0.7743	0.7559	0.7387	 0.7219]

reliability =

  1 至 8 列

    0.3323    0.6269    0.8014    0.8800    0.9081    0.9111    0.9041    0.8919

  9 至 16 列

    0.8753    0.8603    0.8443    0.8251    0.8095    0.7915    0.7743    0.7559

  17 至 18 列

    0.7387    0.7219

>> plot(x,MTTF,x,reliability)
>> plot(x,MTTF)
>> plot(x,reliability)
>> plot(x,MTTF)
>> plot(x,MTTF)
>> axis([xmin xmax ymin ymax])
未定义函数或变量 'xmin'。
 
是不是想输入:
>> xmin = 3

xmin =

     3

>> xmax = 20

xmax =

    20

>> axis([xmin xmax])
错误使用 axis>LocSetLimits (line 319)
向量必须包含 4、6 或 8 个元素。

出错 axis (line 112)
                LocSetLimits(ax(j),cur_arg,names);
 
>> plot(x,MTTF)
>> axis([xmin xmax min(MTTF) max(MTTF)])
>> axis([xmin xmax min(MTTF)*0.9 max(MTTF)*1.1])
>> legend("MTTF")
>> plot(x,MTTF,"r")
>> plot(x,reliability,"orange")
错误使用 plot
color/linetype 参数出错。
 
>> plot(x,reliability,"o")
>> plot(x,reliability,"r")
>> axis([xmin xmax min(reliability) max(reliability)])
>> legend("Reliability")
>> axis([xmin xmax min(reliability)*0.9  max(reliability)* 1.1])
>> Q = [0.521440  0.106961  0.053320   0.033142   0.276202  0.008934
0.322019  0.141752  0.070030   0.045761   0.404207  0.016231
0.226915  0.154659  0.074648   0.051970   0.470482  0.021327
0.180705  0.158760  0.074807   0.055975   0.505223  0.024532
0.160632  0.158983  0.073412   0.058765   0.521829  0.026378
0.154917  0.157865  0.071417   0.060600   0.527933  0.027269
0.157737  0.156164  0.069603   0.061789   0.527277  0.027430
0.166433  0.154080  0.067893   0.062581   0.521908  0.027106
0.178503  0.152007  0.066273   0.063141   0.513649  0.026427
0.192098  0.150114  0.065008   0.063186   0.504030  0.025564
0.207090  0.148268  0.063865   0.063093   0.493171  0.024512
0.223656  0.146167  0.062857   0.062856   0.480992  0.023471
0.239640  0.144427  0.062005   0.062428   0.469195  0.022304
0.255965  0.142652  0.061226   0.061736   0.457234  0.021186
0.272630  0.140839  0.060475   0.060998   0.444950  0.020108
0.288436  0.139131  0.059799   0.060211   0.433459  0.018963
0.304380  0.137233  0.059173   0.059369   0.421908  0.017938
0.320031  0.135542  0.058542   0.058447   0.410508  0.016931]

Q =

    0.5214    0.1070    0.0533    0.0331    0.2762    0.0089
    0.3220    0.1418    0.0700    0.0458    0.4042    0.0162
    0.2269    0.1547    0.0746    0.0520    0.4705    0.0213
    0.1807    0.1588    0.0748    0.0560    0.5052    0.0245
    0.1606    0.1590    0.0734    0.0588    0.5218    0.0264
    0.1549    0.1579    0.0714    0.0606    0.5279    0.0273
    0.1577    0.1562    0.0696    0.0618    0.5273    0.0274
    0.1664    0.1541    0.0679    0.0626    0.5219    0.0271
    0.1785    0.1520    0.0663    0.0631    0.5136    0.0264
    0.1921    0.1501    0.0650    0.0632    0.5040    0.0256
    0.2071    0.1483    0.0639    0.0631    0.4932    0.0245
    0.2237    0.1462    0.0629    0.0629    0.4810    0.0235
    0.2396    0.1444    0.0620    0.0624    0.4692    0.0223
    0.2560    0.1427    0.0612    0.0617    0.4572    0.0212
    0.2726    0.1408    0.0605    0.0610    0.4450    0.0201
    0.2884    0.1391    0.0598    0.0602    0.4335    0.0190
    0.3044    0.1372    0.0592    0.0594    0.4219    0.0179
    0.3200    0.1355    0.0585    0.0584    0.4105    0.0169

>> plot(Q(:,1);Q(:,2))
 plot(Q(:,1);Q(:,2))
            ↑
错误: 表达式无效。调用函数或对变量进行索引时，请使用圆括号。否则，请检查不匹配的分隔符。
 
>> plot(x, Q(:,1),x,Q(:,2))
>> legend("QPF", "QSO"  , "QDM" ,  "QMO",   "QDN" ,  "QFB") 
警告: 忽略额外的图例条目。 
> In legend>process_inputs (line 566)
  In legend>make_legend (line 310)
  In legend (line 261) 
>> plot(x, Q(:,1),x,Q(:,2),x,Q(:,3),x,Q(:,4),x,Q(:,5),x,Q(:6))
 plot(x, Q(:,1),x,Q(:,2),x,Q(:,3),x,Q(:,4),x,Q(:,5),x,Q(:6))
                                                         ↑
错误: 表达式无效。请检查缺失的乘法运算符、缺失或不对称的分隔符或者其他语法错误。要构造矩阵，请使用
方括号而不是圆括号。
 
>> plot(x, Q(:,1),x,Q(:,2),x,Q(:,3),x,Q(:,4),x,Q(:,5),x,Q(:,6))
>> legend("QPF", "QSO"  , "QDM" ,  "QMO",   "QDN" ,  "QFB")
>> legend(loc=2, "QPF", "QSO"  , "QDM" ,  "QMO",   "QDN" ,  "QFB")
 legend(loc=2, "QPF", "QSO"  , "QDM" ,  "QMO",   "QDN" ,  "QFB")
           ↑
错误: '=' 运算符的使用不正确。要为变量赋值，请使用 '='。要比较值是否相等，请使用 '=='。
 
>> legend(loc="upper center", "QPF", "QSO"  , "QDM" ,  "QMO",   "QDN" ,  "QFB")
 legend(loc="upper center", "QPF", "QSO"  , "QDM" ,  "QMO",   "QDN" ,  "QFB")
           ↑
错误: '=' 运算符的使用不正确。要为变量赋值，请使用 '='。要比较值是否相等，请使用 '=='。
 
>> legend("QPF", "QSO"  , "QDM" ,  "QMO",   "QDN" ,  "QFB", "horizontal")
警告: 忽略额外的图例条目。 
> In legend>process_inputs (line 566)
  In legend>make_legend (line 310)
  In legend (line 261) 
>> legend(["QPF", "QSO"  , "QDM" ,  "QMO",   "QDN" ,  "QFB"], "horizontal")
错误使用 legend (line 261)
未知的属性
 
>> legend('boxon')
>> legend('boxoff')
>> legend('horizontal')
>> legend("Orientation", "horizontal")
>> legend("QPF", "QSO"  , "QDM" ,  "QMO",   "QDN" ,  "QFB")
>> legend("Orientation", "horizontal")
>> legend('boxon')
>> axis([xmin xmax 0.0 1.0])
>> axis([xmin xmax min(min(Q)) max(max(Q))])
>> axis([xmin xmax min(min(Q))*0.9 max(max(Q))*1.1])
>> legend("Orientation", "vertical")
>> legend("Orientation", "horizontal")
>> before = [28803.70	51493.21	69234.25	82660.47	92371.84	98976.65	103036.86	105021.20	105352.28 104460.96	102599.60	100093.4	97186.48	93913.92	90474.92	86965.49	83413.79	79911.60]

before =

   1.0e+05 *

  1 至 8 列

    0.2880    0.5149    0.6923    0.8266    0.9237    0.9898    1.0304    1.0502

  9 至 16 列

    1.0535    1.0446    1.0260    1.0009    0.9719    0.9391    0.9047    0.8697

  17 至 18 列

    0.8341    0.7991

>> after = [29110.69	52691.08	72092.49	88172.87	101433.08	112296.59	121230.14	128563.46	134524.53 139408.90	143389.05	146691.56	149354.40	151601.81	153414.96	154955.24	156220.88	157311.21]

after =

   1.0e+05 *

  1 至 8 列

    0.2911    0.5269    0.7209    0.8817    1.0143    1.1230    1.2123    1.2856

  9 至 16 列

    1.3452    1.3941    1.4339    1.4669    1.4935    1.5160    1.5341    1.5496

  17 至 18 列

    1.5622    1.5731

>> plot(x,before,x,after)
>> legend("MTTF 优化前","MTTF 优化后")
>> axis([xmin xmax min(before)*0.9 max(after)*1.1])
>> before = [0.3361	0.6327	0.8049	0.8849	0.9142	0.9193	0.9134	0.9027	0.8898 0.8759	0.8613	0.8463	0.8310	0.8155	0.7997	0.7839	0.7679	0.7519]

before =

  1 至 8 列

    0.3361    0.6327    0.8049    0.8849    0.9142    0.9193    0.9134    0.9027

  9 至 16 列

    0.8898    0.8759    0.8613    0.8463    0.8310    0.8155    0.7997    0.7839

  17 至 18 列

    0.7679    0.7519

>> after = [0.3466  0.6553    0.8391  0.9305    0.9716  0.9888    0.9957  0.9984    0.9994  0.9997    0.9999  0.9999    0.9999  0.9999    0.9999  0.9999    0.9999  ]

after =

  1 至 8 列

    0.3466    0.6553    0.8391    0.9305    0.9716    0.9888    0.9957    0.9984

  9 至 16 列

    0.9994    0.9997    0.9999    0.9999    0.9999    0.9999    0.9999    0.9999

  17 列

    0.9999

>> plot(x,before,x,after)
错误使用 plot
向量长度必须相同。
 
>> after = [0.3466  0.6553    0.8391  0.9305    0.9716  0.9888    0.9957  0.9984    0.9994  0.9997    0.9999  0.9999    0.9999  0.9999    0.9999  0.9999    0.9999  ]

after =

  1 至 8 列

    0.3466    0.6553    0.8391    0.9305    0.9716    0.9888    0.9957    0.9984

  9 至 16 列

    0.9994    0.9997    0.9999    0.9999    0.9999    0.9999    0.9999    0.9999

  17 列

    0.9999

>> before = [0.3311	0.6269	0.8014	0.8800	0.9081	0.9121	0.9041	0.8919	0.8753 0.8603	0.8443	0.8251	0.8095	0.7915	0.7743	0.7559	0.7387	 0.7219]

before =

  1 至 8 列

    0.3311    0.6269    0.8014    0.8800    0.9081    0.9121    0.9041    0.8919

  9 至 16 列

    0.8753    0.8603    0.8443    0.8251    0.8095    0.7915    0.7743    0.7559

  17 至 18 列

    0.7387    0.7219

>> after = [0.3389	0.6477	0.8337	0.9274	0.9699	0.9880	0.9953	0.9982	0.9993 0.9997	0.9999	0.9999	0.9999	0.9999	0.9999	0.9999	0.9999	0.9999]

after =

  1 至 8 列

    0.3389    0.6477    0.8337    0.9274    0.9699    0.9880    0.9953    0.9982

  9 至 16 列

    0.9993    0.9997    0.9999    0.9999    0.9999    0.9999    0.9999    0.9999

  17 至 18 列

    0.9999    0.9999

>> plot(x,before,x,after)
>> legend("R(w) 优化前","R(w) 优化后")
>> axis([xmin xmax min(before)*0.9 max(after)*1.1])
>> axis([xmin xmax min(before)*0.9 max(after)*1])
>> axis([xmin xmax min(before)*0.9 max(after)*1.001])
>> axis([xmin xmax min(before)*0.9 max(after)*1.01])
>> axis([xmin xmax min(before)*0.9 max(after)*1.005])
>> 