0.521440  0.106961  0.053320   0.033142   0.276202  0.008934
0.322019  0.141752  0.070030   0.045761   0.404207  0.016231
0.226915  0.154659  0.074648   0.051970   0.470482  0.021327
0.180705  0.158760  0.074807   0.055975   0.505223  0.024532
0.160632  0.158983  0.073412   0.058765   0.521829  0.026378
0.154917  0.157865  0.071417   0.060600   0.527933  0.027269
0.157737  0.156164  0.069603   0.061789   0.527277  0.027430
0.166433  0.154080  0.067893   0.062581   0.521908  0.027106
0.178503  0.152007  0.066273   0.063141   0.513649  0.026427
0.192098  0.150114  0.065008   0.063186   0.504030  0.025564
0.207090  0.148268  0.063865   0.063093   0.493171  0.024512
0.223656  0.146167  0.062857   0.062856   0.480992  0.023471
0.239640  0.144427  0.062005   0.062428   0.469195  0.022304
0.255965  0.142652  0.061226   0.061736   0.457234  0.021186
0.272630  0.140839  0.060475   0.060998   0.444950  0.020108
0.288436  0.139131  0.059799   0.060211   0.433459  0.018963
0.304380  0.137233  0.059173   0.059369   0.421908  0.017938
0.320031  0.135542  0.058542   0.058447   0.410508  0.016931

QPF   QSO   QDM   QMO   QDN   QFB 


         0         0
         0         0
    0.3361    0.3466
    0.6327    0.6553
    0.8049    0.8391
    0.8849    0.9305
    0.9142    0.9716
    0.9193    0.9888
    0.9134    0.9957
    0.9027    0.9984
    0.8898    0.9994
    0.8759    0.9997
    0.8613    0.9999
    0.8463    0.9999
    0.8310    0.9999
    0.8155    0.9999
    0.7997    0.9999
    0.7839    0.9999
    0.7679    0.9999

0.3466  0.6553    0.8391  0.9305    0.9716  0.9888    0.9957  0.9984    0.9994  0.9997    0.9999  0.9999    0.9999  0.9999    0.9999  0.9999    0.9999  